------------------------------------ 
display variables 

0x402000:	1	1	1	1
0x402010:	1	1	86	100
0x402020:	100	100	101	103
0x402030:	105	107	107	109
0x402040:	112	114	114	115
0x402050:	115	115	115	117
0x402060:	122	126	126	127
0x402070:	127	128	129	131
0x402080:	132	133	134	134
0x402090:	135	147	149	150
0x4020a0:	150	151	155	155
0x4020b0:	158	160	164	164
0x4020c0:	166	167	167	167
0x4020d0:	169	171	175	175
0x4020e0:	177	177	177	177
0x4020f0:	178	181	182	183
0x402100:	184	185	185	191
0x402110:	199	217	219	221
0x402120:	224	245	254	283
0x402130:	326	327	327	346
0x402140:	410	414	415	432
0x402150:	434	441	476	512
0x402160:	522	532	559	581
0x402170:	612	614	615	617
0x402180:	617	625	628	649
0x402190:	675	679	679	759
0x4021a0:	812	825	855	877
0x4021b0:	999	1001	1101	1104
0x4021c0:	1105	1108	1113	1125
0x4021d0:	1129	1130	1133	1133
0x4021e0:	1133	1134	1145	1149
0x4021f0:	1150	1162	1162	1169
0x402200:	1172	1176	1177	1184
0x402210:	1190	1197	1214	1226
0x402220:	1227	1232	1344	1376
0x402230:	1465	1618	1629	1913
0x402240:	2101	2134	2143	2146
0x402250:	2172	2186	2234	2311
0x402260:	2356	2390	2413	2450
0x402270:	3116	3121	3157	3414
0x402280:	3467	3514	4314	4512
0x402290:	4528	4565	4566	4569
0x4022a0:	4572	4626	4647	5120
0x4022b0:	5129	5527	5628	5631
0x4022c0:	5639	5671	5675	6103
0x4022d0:	6315	6366	6440	6561
0x4022e0:	6722	6737	6762	6785
0x4022f0:	6786	6787	7217	7525
0x402300:	7527	7569	7881	8185
0x402310:	8275	8320	8619	9999

len:	0x402320:	200

min:	0x402324:	1
med:	0x402328:	662
max:	0x40232c:	9999
sum:	0x402330:	357866
avg:	0x402334:	1789

 
Warning: 'set logging off', an alias for the command 'set logging enabled', is deprecated.
Use 'set logging enabled off'.

